{"app":"com.nianticlabs.ar.ardksamples","autofocus":1,"captureGroup":{"sequence":0,"uuid":"018b4476-ff5a-701e-801a-87b40000ffff"},"coordinates":"opengl","depthSource":"none","duration":21.307,"formatVersion":"1","frameCount":320,"framerate":14.971605575632422,"frames":[{"exposure":0.0,"image":"frame_00000000.jpg","intrinsics":[532.0585327148438,532.0585327148438,362.7773742675781,268.354736328125,0.0],"location":{"altitude":91.74162292480469,"altitudeAccuracy":10.187708854675293,"heading":148.30642700195313,"headingAccuracy":14.16444206237793,"headingTimestamp":1697660730.0,"latitude":47.613853454589844,"longitude":-122.19721984863281,"positionAccuracy":14.16444206237793,"positionSource":"corelocation","positionTimestamp":1697660730.0},"pose":[0.7072519063949585,0.223520889878273,-1.343005657196045,-0.15943606197834015,0.008590779267251492,-0.7056780457496643,0.6903078556060791],"pose4x4":[0.0038893818855285645,-0.9770095944404602,0.21316049993038177,0.0,0.9715308547019958,-0.04680275917053223,-0.2322445809841156,0.0,0.23688162863254547,0.20799529552459717,0.9490126967430115,0.0,0.7072519063949585,0.223520889878273,-1.343005657196045,1.0],"resolution":[720,540],"sequence":0,"timestamp":1697660731.0,"tracking":2,"trackingReason":0},{"exposure":0.0,"image":"frame_00000001.jpg","intrinsics":[531.975341796875,531.975341796875,362.7613525390625,268.3511962890625,0.0],"location":{"altitude":91.74162292480469,"altitudeAccuracy":10.187708854675293,"heading":148.30642700195313,"headingAccuracy":14.16444206237793,"headingTimestamp":1697660730.0,"latitude":47.613853454589844,"longitude":-122.19721984863281,"positionAccuracy":14.16444206237793,"positionSource":"corelocation","positionTimestamp":1697660730.0},"pose":[0.7040265798568726,0.22205685079097748,-1.3430402278900146,-0.16520081460475922,0.007567301858216524,-0.7062054872512817,0.6884221434593201],"pose4x4":[0.0024331212043762207,-0.974835216999054,0.22291244566440582,0.0,0.9698347449302673,-0.052034974098205566,-0.2381439357995987,0.0,0.2437504380941391,0.21676765382289886,0.9453028440475464,0.0,0.7040265798568726,0.22205685079097748,-1.3430402278900146,1.0],"resolution":[720,540],"sequence":1,"timestamp":1697660731.116,"tracking":2,"trackingReason":0},{"exposure":0.0,"image":"frame_00000002.jpg","intrinsics":[532.0556030273438,532.0556030273438,362.767333984375,268.329345703125,0.0],"location":{"altitude":91.74162292480469,"altitudeAccuracy":10.187708854675293,"heading":148.30642700195313,"headingAccuracy":14.16444206237793,"headingTimestamp":1697660730.0,"latitude":47.613853454589844,"longitude":-122.19721984863281,"positionAccuracy":14.16444206237793,"positionSource":"corelocation","positionTimestamp":1697660730.0},"pose":[0.7009774446487427,0.22137364745140076,-1.3415634632110596,-0.16717801988124847,0.008235560730099678,-0.706005334854126,0.6881425380706787],"pose4x4":[0.0029772520065307617,-0.9744182229042053,0.22472266852855682,0.0,0.9689109921455383,-0.052784085273742676,-0.24171331524848938,0.0,0.24739162623882294,0.21845591068267822,0.943967342376709,0.0,0.7009774446487427,0.22137364745140076,-1.3415634632110596,1.0],"resolution":[720,540],"sequence":2,"timestamp":1697660731.183,"tracking":2,"trackingReason":0},{"exposure":0.0,"image":"frame_00000003.jpg","intrinsics":[532.044189453125,532.044189453125,362.76556396484375,268.33154296875,0.0],"location":{"altitude":91.74162292480469,"altitudeAccuracy":10.187708854675293,"heading":148.30642700195313,"headingAccuracy":14.16444206237793,"headingTimestamp":1697660730.0,"latitude":47.613853454589844,"longitude":-122.19721984863281,"positionAccuracy":14.16444206237793,"positionSource":"corelocation","positionTimestamp":1697660730.0},"pose":[0.6959522366523743,0.22189730405807495,-1.3366289138793945,-0.16499370336532593,0.007852510549128056,-0.7051011323928833,0.6895997524261475],"pose4x4":[0.005541443824768066,-0.9750663638114929,0.22184431552886963,0.0,0.9698838591575623,-0.04878103733062744,-0.23863287270069122,0.0,0.24350467324256897,0.21648560464382172,0.9454308152198792,0.0,0.6959522366523743,0.22189730405807495,-1.3366289138793945,1.0],"resolution":[720,540],"sequence":3,"timestamp":1697660731.25,"tracking":2,"trackingReason":0},{"exposure":0.0,"image":"frame_00000004.jpg","intrinsics":[532.0326538085938,532.0326538085938,362.77069091796875,268.3165283203125,0.0],"location":{"altitude":91.74162292480469,"altitudeAccuracy":10.187708854675293,"heading":148.30642700195313,"headingAccuracy":14.16444206237793,"headingTimestamp":1697660730.0,"latitude":47.613853454589844,"longitude":-122.19721984863281,"positionAccuracy":14.16444206237793,"positionSource":"corelocation","positionTimestamp":1697660730.0},"pose":[0.6888511180877686,0.223825603723526,-1.3274205923080444,-0.1609015017747879,0.009424115531146526,-0.7043094635009766,0.6913537979125977],"pose4x4":[0.0077187418937683105,-0.9768867492675781,0.21361809968948364,0.0,0.9708213806152344,-0.04388225078582764,-0.23575471341609955,0.0,0.23967969417572021,0.2092047482728958,0.9480437636375427,0.0,0.6888511180877686,0.223825603723526,-1.3274205923080444,1.0],"resolution":[720,540],"sequence":4,"timestamp":1697660731.317,"tracking":2,"trackingReason":0},{"exposure":0.0,"image":"frame_00000005.jpg","intrinsics":[532.064208984375,532.064208984375,362.7678527832031,268.2813415527344,0.0],"location":{"altitude":91.74162292480469,"altitudeAccuracy":10.187708854675293,"heading":148.30642700195313,"headingAccuracy":14.16444206237793,"headingTimestamp":1697660730.0,"latitude":47.613853454589844,"longitude":-122.19721984863281,"positionAccuracy":14.16444206237793,"positionSource":"corelocation","positionTimestamp":1697660730.0},"pose":[0.6793439388275146,0.22525237500667572,-1.3143906593322754,-0.15612199902534485,0.01204518973827362,-0.7033808827400208,0.6933514475822449],"pose4x4":[0.010220527648925781,-0.979141354560852,0.20292335748672485,0.0,0.9716192483901978,-0.03823745250701904,-0.23343953490257263,0.0,0.2363295555114746,0.19955012202262878,0.9509616494178772,0.0,0.6793439388275146,0.22525237500667572,-1.3143906593322754,1.0],"resolution":[720,540],"sequence":5,"timestamp":1697660731.383,"tracking":2,"trackingReason":0},{"exposure":0.0,"image":"frame_00000006.jpg","intrinsics":[532.0355224609375,532.0355224609375,362.763671875,268.2763366699219,0.0],"location":{"altitude":91.74162292480469,"altitudeAccuracy":10.187708854675293,"heading":148.30642700195313,"headingAccuracy":14.16444206237793,"headingTimestamp":1697660730.0,"latitude":47.613853454589844,"longitude":-122.19721984863281,"positionAccuracy":14.16444206237793,"positionSource":"corelocation","positionTimestamp":1697660730.0},"pose":[0.6697980761528015,0.22547054290771484,-1.298690915107727,-0.1489989459514618,0.011529610492289066,-0.701315701007843,0.6970095038414001],"pose4x4":[0.016046762466430664,-0.9810832142829895,0.1929181069135666,0.0,0.9742116332054138,-0.028088808059692383,-0.2238791584968567,0.0,0.22506310045719147,0.1915355622768402,0.9553327560424805,0.0,0.6697980761528015,0.22547054290771484,-1.298690915107727,1.0],"resolution":[720,540],"sequence":6,"timestamp":1697660731.45,"tracking":2,"trackingReason":0},{"exposure":0.0,"image":"frame_00000007.jpg","intrinsics":[532.07861328125,532.07861328125,362.76605224609375,268.2490234375,0.0],"location":{"altitude":91.74162292480469,"altitudeAccuracy":10.187708854675293,"heading":148.30642700195313,"headingAccuracy":14.16444206237793,"headingTimestamp":1697660730.0,"latitude":47.613853454589844,"longitude":-122.19721984863281,"positionAccuracy":14.16444206237793,"positionSource":"corelocation","positionTimestamp":1697660730.0},"pose":[0.6566744446754456,0.22691954672336578,-1.2814593315124512,-0.1424914002418518,0.011280267499387264,-0.6987761855125427,0.7009145617485046],"pose4x4":[0.02316915988922119,-0.9827794432640076,0.18332618474960327,0.0,0.9763501286506653,-0.017183899879455566,-0.21551334857940674,0.0,0.21495220065116882,0.18398383259773254,0.9591379165649414,0.0,0.6566744446754456,0.22691954672336578,-1.2814593315124512,1.0],"resolution":[720,540],"sequence":7,"timestamp":1697660731.517,"tracking":2,"trackingReason":0},{"exposure":0.0,"image":"frame_00000008.jpg","intrinsics":[532.0684814453125,532.0684814453125,362.76690673828125,268.2307434082031,0.0],"location":{"altitude":91.74162292480469,"altitudeAccuracy":10.187708854675293,"heading":148.30642700195313,"headingAccuracy":14.16444206237793,"headingTimestamp":1697660730.0,"latitude":47.613853454589844,"longitude":-122.19721984863281,"positionAccuracy":14.16444206237793,"positionSource":"corelocation","positionTimestamp":1697660730.0},"pose":[0.6407623291015625,0.22449623048305511,-1.2624434232711792,-0.13898998498916626,0.013270057737827301,-0.6970065236091614,0.7033401727676392],"pose4x4":[0.028011620044708252,-0.9841541647911072,0.1750871241092682,0.0,0.9767765402793884,-0.010272622108459473,-0.21401311457157135,0.0,0.21242058277130127,0.17701585590839386,0.9610114097595215,0.0,0.6407623291015625,0.22449623048305511,-1.2624434232711792,1.0],"resolution":[720,540],"sequence":8,"timestamp":1697660731.583,"tracking":2,"trackingReason":0},{"exposure":0.0,"image":"frame_00000009.jpg","intrinsics":[532.0771484375,532.0771484375,362.76226806640625,268.22613525390625,0.0],"location":{"altitude":91.74162292480469,"altitudeAccuracy":10.187708854675293,"heading":148.30642700195313,"headingAccuracy":14.16444206237793,"headingTimestamp":1697660730.0,"latitude":47.613853454589844,"longitude":-122.19721984863281,"positionAccuracy":14.16444206237793,"positionSource":"corelocation","positionTimestamp":1697660730.0},"pose":[0.6246185302734375,0.2228960245847702,-1.2426151037216187,-0.13991345465183258,0.01476823166012764,-0.6958880424499512,0.7042343020439148],"pose4x4":[0.03104346990585327,-0.9842690229415894,0.17392760515213013,0.0,0.976003885269165,-0.007671833038330078,-0.21761777997016907,0.0,0.21552878618240356,0.17650964856147766,0.9604122638702393,0.0,0.6246185302734375,0.2228960245847702,-1.2426151037216187,1.0],"resolution":[720,540],"sequence":9,"timestamp":1697660731.65,"tracking":2,"trackingReason":0},{"exposure":0.0,"image":"frame_00000010.jpg","intrinsics":[532.042724609375,532.042724609375,362.74786376953125,268.2188720703125,0.0],"location":{"altitude":91.74162292480469,"altitudeAccuracy":10.187708854675293,"heading":148.30642700195313,"headingAccuracy":14.16444206237793,"headingTimestamp":1697660730.0,"latitude":47.613853454589844,"longitude":-122.19721984863281,"positionAccuracy":14.16444206237793,"positionSource":"corelocation","positionTimestamp":1697660730.0},"pose":[0.6030334234237671,0.2223428338766098,-1.2203423976898193,-0.142561674118042,0.015255955047905445,-0.6943337917327881,0.7052262425422668],"pose4x4":[0.035335659980773926,-0.9836746454238892,0.17645297944545746,0.0,0.9749749898910522,-0.004846453666687012,-0.22226190567016602,0.0,0.21948857605457306,0.17989102005958557,0.9588868618011475,0.0,0.6030334234237671,0.2223428338766098,-1.2203423976898193,1.0],"resolution":[720,540],"sequence":10,"timestamp":1697660731.717,"tracking":2,"trackingReason":0},{"exposure":0.0,"image":"frame_00000011.jpg","intrinsics":[532.0943603515625,532.0943603515625,362.7476806640625,268.2471923828125,0.0],"location":{"altitude":91.74162292480469,"altitudeAccuracy":10.187708854675293,"heading":148.30642700195313,"headingAccuracy":14.16444206237793,"headingTimestamp":1697660730.0,"latitude":47.613853454589844,"longitude":-122.19721984863281,"positionAccuracy":14.16444206237793,"positionSource":"corelocation","positionTimestamp":1697660730.0},"pose":[0.5822177529335022,0.22043316066265106,-1.199615478515625,-0.1480429321527481,0.016554994508624077,-0.692794680595398,0.7055812478065491],"pose4x4":[0.03952294588088989,-0.9825475811958313,0.18176493048667908,0.0,0.9727441668510437,-0.003762364387512207,-0.23185107111930847,0.0,0.2284885048866272,0.18597421050071716,0.9556184411048889,0.0,0.5822177529335022,0.22043316066265106,-1.199615478515625,1.0],"resolution":[720,540],"sequence":11,"timestamp":1697660731.783,"tracking":2,"trackingReason":0},{"exposure":0.0,"image":"frame_00000012.jpg","intrinsics":[532.0929565429688,532.0929565429688,362.744140625,268.2432556152344,0.0],"location":{"altitude":91.74162292480469,"altitudeAccuracy":10.187708854675293,"heading":148.30642700195313,"headingAccuracy":14.16444206237793,"headingTimestamp":1697660730.0,"latitude":47.613853454589844,"longitude":-122.19721984863281,"positionAccuracy":14.16444206237793,"positionSource":"corelocation","positionTimestamp":1697660730.0},"pose":[0.5605146884918213,0.21817843616008759,-1.1805552244186401,-0.15430915355682373,0.013612424954771996,-0.6915510296821594,0.7055214643478394],"pose4x4":[0.04314374923706055,-0.9800092577934265,0.19421759247779846,0.0,0.9716071486473083,-0.004108309745788574,-0.23656421899795532,0.0,0.23263302445411682,0.1989094614982605,0.9520067572593689,0.0,0.5605146884918213,0.21817843616008759,-1.1805552244186401,1.0],"resolution":[720,540],"sequence":12,"timestamp":1697660731.85,"tracking":2,"trackingReason":0},{"exposure":0.0,"image":"frame_00000013.jpg","intrinsics":[532.0599365234375,532.0599365234375,362.77142333984375,268.29473876953125,0.0],"location":{"altitude":91.74162292480469,"altitudeAccuracy":10.187708854675293,"heading":148.30642700195313,"headingAccuracy":14.16444206237793,"headingTimestamp":1697660730.0,"latitude":47.613853454589844,"longitude":-122.19721984863281,"positionAccuracy":14.16444206237793,"positionSource":"corelocation","positionTimestamp":1697660730.0},"pose":[0.5387158393859863,0.21755452454090118,-1.159166693687439,-0.15753555297851563,0.014369889162480831,-0.6899263858795166,0.7063837647438049],"pose4x4":[0.04759013652801514,-0.9792330861091614,0.19707456231117249,0.0,0.9701780676841736,-0.0016317367553710938,-0.24238945543766022,0.0,0.2376771867275238,0.20273278653621674,0.9499521255493164,0.0,0.5387158393859863,0.21755452454090118,-1.159166693687439,1.0],"resolution":[720,540],"sequence":13,"timestamp":1697660731.917,"tracking":2,"trackingReason":0},{"exposure":0.0,"image":"frame_00000014.jpg","intrinsics":[532.0728759765625,532.0728759765625,362.7635498046875,268.3208312988281,0.0],"location":{"altitude":91.74162292480469,"altitudeAccuracy":10.187708854675293,"heading":148.30642700195313,"headingAccuracy":14.16444206237793,"headingTimestamp":1697660730.0,"latitude":47.613853454589844,"longitude":-122.19721984863281,"positionAccuracy":14.16444206237793,"positionSource":"corelocation","positionTimestamp":1697660730.0},"pose":[0.5203080773353577,0.21920739114284515,-1.1407356262207031,-0.159807950258255,0.018216555938124657,-0.6887243390083313,0.7069573998451233],"pose4x4":[0.05065387487411499,-0.9796198606491089,0.1943705976009369,0.0,0.9679752588272095,0.0002403855323791504,-0.25104719400405884,0.0,0.24588391184806824,0.20086246728897095,0.948259174823761,0.0,0.5203080773353577,0.21920739114284515,-1.1407356262207031,1.0],"resolution":[720,540],"sequence":14,"timestamp":1697660731.983,"tracking":2,"trackingReason":0},{"exposure":0.0,"image":"frame_00000015.jpg","intrinsics":[532.0914306640625,532.0914306640625,362.7698974609375,268.36090087890625,0.0],"location":{"altitude":91.74162292480469,"altitudeAccuracy":10.187708854675293,"heading":148.30642700195313,"headingAccuracy":14.16444206237793,"headingTimestamp":1697660730.0,"latitude":47.613853454589844,"longitude":-122.19721984863281,"positionAccuracy":14.16444206237793,"positionSource":"corelocation","positionTimestamp":1697660730.0},"pose":[0.5027669668197632,0.21978144347667694,-1.1226557493209839,-0.15749041736125946,0.016342664137482643,-0.6889572739601135,0.7072963118553162],"pose4x4":[0.05014157295227051,-0.9797415137290955,0.19389012455940247,0.0,0.9694462418556213,0.0010693073272705078,-0.24530358612537384,0.0,0.24012655019760132,0.20026598870754242,0.9498593807220459,0.0,0.5027669668197632,0.21978144347667694,-1.1226557493209839,1.0],"resolution":[720,540],"sequence":15,"timestamp":1697660732.05,"tracking":2,"trackingReason":0},{"exposure":0.0,"image":"frame_00000016.jpg","intrinsics":[532.0972290039063,532.0972290039063,362.7916564941406,268.4144592285156,0.0],"location":{"altitude":91.74162292480469,"altitudeAccuracy":10.187708854675293,"heading":148.30642700195313,"headingAccuracy":14.16444206237793,"headingTimestamp":1697660730.0,"latitude":47.613853454589844,"longitude":-122.19721984863281,"positionAccuracy":14.16444206237793,"positionSource":"corelocation","positionTimestamp":1697660730.0},"pose":[0.48575928807258606,0.22081975638866425,-1.1071529388427734,-0.1564374566078186,0.013304210267961025,-0.6888178586959839,0.7077290415763855],"pose4x4":[0.050705909729003906,-0.9791553616523743,0.19668227434158325,0.0,0.9708302617073059,0.002114534378051758,-0.23975901305675507,0.0,0.23434537649154663,0.20310230553150177,0.9507006406784058,0.0,0.48575928807258606,0.22081975638866425,-1.1071529388427734,1.0],"resolution":[720,540],"sequence":16,"timestamp":1697660732.117,"tracking":2,"trackingReason":0},{"exposure":0.0,"image":"frame_00000017.jpg","intrinsics":[532.05419921875,532.05419921875,362.81671142578125,268.43841552734375,0.0],"location":{"altitude":91.74162292480469,"altitudeAccuracy":10.187708854675293,"heading":148.30642700195313,"headingAccuracy":14.16444206237793,"headingTimestamp":1697660730.0,"latitude":47.613853454589844,"longitude":-122.19721984863281,"positionAccuracy":14.16444206237793,"positionSource":"corelocation","positionTimestamp":1697660730.0},"pose":[0.46908143162727356,0.22424232959747314,-1.0952363014221191,-0.15134768187999725,0.011872435919940472,-0.6870455145835876,0.7105780839920044],"pose4x4":[0.05565500259399414,-0.979992687702179,0.19109290838241577,0.0,0.9728052020072937,0.010124683380126953,-0.23140250146389008,0.0,0.22483807802200317,0.19877488911151886,0.9539058208465576,0.0,0.46908143162727356,0.22424232959747314,-1.0952363014221191,1.0],"resolution":[720,540],"sequence":17,"timestamp":1697660732.183,"tracking":2,"trackingReason":0},{"exposure":0.0,"image":"frame_00000018.jpg","intrinsics":[532.0842895507813,532.0842895507813,362.8145446777344,268.4965515136719,0.0],"location":{"altitude":91.74162292480469,"altitudeAccuracy":10.187708854675293,"heading":148.30642700195313,"headingAccuracy":14.16444206237793,"headingTimestamp":1697660730.0,"latitude":47.613853454589844,"longitude":-122.19721984863281,"positionAccuracy":14.16444206237793,"positionSource":"corelocation","positionTimestamp":1697660730.0},"pose":[0.45482829213142395,0.22760163247585297,-1.0833656787872314,-0.14795070886611938,0.012675652280449867,-0.6851948499679565,0.7130623459815979],"pose4x4":[0.06069469451904297,-0.9809240102767944,0.18467307090759277,0.0,0.9734225273132324,0.017237186431884766,-0.22836674749851227,0.0,0.22082719206809998,0.1936255842447281,0.9558998346328735,0.0,0.45482829213142395,0.22760163247585297,-1.0833656787872314,1.0],"resolution":[720,540],"sequence":18,"timestamp":1697660732.25,"tracking":2,"trackingReason":0},{"exposure":0.0,"image":"frame_00000019.jpg","intrinsics":[532.0398559570313,532.0398559570313,362.83917236328125,268.5199279785156,0.0],"location":{"altitude":91.74162292480469,"altitudeAccuracy":10.187708854675293,"heading":148.30642700195313,"headingAccuracy":14.16444206237793,"headingTimestamp":1697660730.0,"latitude":47.613853454589844,"longitude":-122.19721984863281,"positionAccuracy":14.16444206237793,"positionSource":"corelocation","positionTimestamp":1697660730.0},"pose":[0.4391743242740631,0.22941112518310547,-1.0741039514541626,-0.1448221355676651,0.014585820958018303,-0.6839295625686646,0.7148804068565369],"pose4x4":[0.06405520439147949,-0.9820803999900818,0.17724204063415527,0.0,0.973630964756012,0.022533833980560303,-0.22701235115528107,0.0,0.21895051002502441,0.18710966408252716,0.9576275944709778,0.0,0.4391743242740631,0.22941112518310547,-1.0741039514541626,1.0],"resolution":[720,540],"sequence":19,"timestamp":1697660732.317,"tracking":2,"trackingReason":0},{"exposure":0.0,"image":"frame_00000020.jpg","intrinsics":[532.0684814453125,532.0684814453125,362.8375244140625,268.5451354980469,0.0],"location":{"altitude":91.74162292480469,"altitudeAccuracy":10.187708854675293,"heading":148.30642700195313,"headingAccuracy":14.16444206237793,"headingTimestamp":1697660730.0,"latitude":47.613853454589844,"longitude":-122.19721984863281,"positionAccuracy":14.16444206237793,"positionSource":"corelocation","positionTimestamp":1697660730.0},"pose":[0.42352989315986633,0.229206383228302,-1.0682334899902344,-0.1441149264574051,0.014307044446468353,-0.6833847761154175,0.7155498266220093],"pose4x4":[0.06556111574172974,-0.9821153879165649,0.17649708688259125,0.0,0.9738680124282837,0.024432241916656494,-0.22579725086688995,0.0,0.2174466997385025,0.1866883784532547,0.958052396774292,0.0,0.42352989315986633,0.229206383228302,-1.0682334899902344,1.0],"resolution":[720,540],"sequence":20,"timestamp":1697660732.384,"tracking":2,"trackingReason":0},{"exposure":0.0,"image":"frame_00000021.jpg","intrinsics":[532.1287841796875,532.1287841796875,362.8139343261719,268.5448303222656,0.0],"location":{"altitude":91.74162292480469,"altitudeAccuracy":10.187708854675293,"heading":148.30642700195313,"headingAccuracy":14.16444206237793,"headingTimestamp":1697660730.0,"latitude":47.613853454589844,"longitude":-122.19721984863281,"positionAccuracy":14.16444206237793,"positionSource":"corelocation","positionTimestamp":1697660730.0},"pose":[0.40465474128723145,0.22619058191776276,-1.0654648542404175,-0.14624662697315216,0.013962757773697376,-0.6823456287384033,0.7161155343055725],"pose4x4":[0.06841897964477539,-0.9813606142997742,0.1795835942029953,0.0,0.9731926321983337,0.026032745838165283,-0.22851382195949554,0.0,0.21957938373088837,0.19040410220623016,0.9568339586257935,0.0,0.40465474128723145,0.22619058191776276,-1.0654648542404175,1.0],"resolution":[720,540],"sequence":21,"timestamp":1697660732.45,"tracking":2,"trackingReason":0},{"exposure":0.0,"image":"frame_00000022.jpg","intrinsics":[532.0742797851563,532.0742797851563,362.8130187988281,268.518798828125,0.0],"location":{"altitude":91.74162292480469,"altitudeAccuracy":10.187708854675293,"heading":148.30642700195313,"headingAccuracy":14.16444206237793,"headingTimestamp":1697660730.0,"latitude":47.613853454589844,"longitude":-122.19721984863281,"positionAccuracy":14.16444206237793,"positionSource":"corelocation","positionTimestamp":1697660730.0},"pose":[0.3822854161262512,0.2232920080423355,-1.0644824504852295,-0.14704090356826782,0.011058762669563293,-0.6817005276679993,0.7166178226470947],"pose4x4":[0.07032418251037598,-0.9802896976470947,0.18462590873241425,0.0,0.9737852811813354,0.027326762676239014,-0.22582179307937622,0.0,0.2163255363702774,0.19566673040390015,0.9565133452415466,0.0,0.3822854161262512,0.2232920080423355,-1.0644824504852295,1.0],"resolution":[720,540],"sequence":22,"timestamp":1697660732.517,"tracking":2,"trackingReason":0},{"exposure":0.0,"image":"frame_00000023.jpg","intrinsics":[532.021240234375,532.021240234375,362.7967224121094,268.51422119140625,0.0],"location":{"altitude":91.74162292480469,"altitudeAccuracy":10.187708854675293,"heading":148.30642700195313,"headingAccuracy":14.16444206237793,"headingTimestamp":1697660730.0,"latitude":47.613853454589844,"longitude":-122.19721984863281,"positionAccuracy":14.16444206237793,"positionSource":"corelocation","positionTimestamp":1697660730.0},"pose":[0.3595501184463501,0.22116230428218842,-1.0641640424728394,-0.14411137998104095,0.006109825801104307,-0.6805497407913208,0.7183637619018555],"pose4x4":[0.07362943887710571,-0.9795255661010742,0.18737177550792694,0.0,0.9760035276412964,0.03216797113418579,-0.21536487340927124,0.0,0.20492808520793915,0.19873270392417908,0.958389163017273,0.0,0.3595501184463501,0.22116230428218842,-1.0641640424728394,1.0],"resolution":[720,540],"sequence":23,"timestamp":1697660732.584,"tracking":2,"trackingReason":0},{"exposure":0.0,"image":"frame_00000024.jpg","intrinsics":[532.065673828125,532.065673828125,362.7886047363281,268.4727783203125,0.0],"location":{"altitude":91.74162292480469,"altitudeAccuracy":10.187708854675293,"heading":148.30642700195313,"headingAccuracy":14.16444206237793,"headingTimestamp":1697660730.0,"latitude":47.613853454589844,"longitude":-122.19721984863281,"positionAccuracy":14.16444206237793,"positionSource":"corelocation","positionTimestamp":1697660730.0},"pose":[0.3334547281265259,0.21930107474327087,-1.0643177032470703,-0.14256489276885986,0.004558618646115065,-0.6810635924339294,0.7181970477104187],"pose4x4":[0.07226324081420898,-0.979575514793396,0.18764354288578033,0.0,0.9769759178161621,0.031655311584472656,-0.21098878979682922,0.0,0.20073948800563812,0.19856995344161987,0.959308922290802,0.0,0.3334547281265259,0.21930107474327087,-1.0643177032470703,1.0],"resolution":[720,540],"sequence":24,"timestamp":1697660732.65,"tracking":2,"trackingReason":0},{"exposure":0.0,"image":"frame_00000025.jpg","intrinsics":[532.0570678710938,532.0570678710938,362.7666320800781,268.4476318359375,0.0],"location":{"altitude":91.74162292480469,"altitudeAccuracy":10.187708854675293,"heading":148.30642700195313,"headingAccuracy":14.16444206237793,"headingTimestamp":1697660730.0,"latitude":47.613853454589844,"longitude":-122.19721984863281,"positionAccuracy":14.16444206237793,"positionSource":"corelocation","positionTimestamp":1697660730.0},"pose":[0.3015541434288025,0.21749083697795868,-1.064880132675171,-0.14127972722053528,0.007760613691061735,-0.6820093989372253,0.7175253629684448],"pose4x4":[0.06960588693618774,-0.9809109568595886,0.1815713346004486,0.0,0.9765252470970154,0.029806435108184814,-0.21332919597625732,0.0,0.2038450837135315,0.19215795397758484,0.9599596261978149,0.0,0.3015541434288025,0.21749083697795868,-1.064880132675171,1.0],"resolution":[720,540],"sequence":25,"timestamp":1697660732.717,"tracking":2,"trackingReason":0},{"exposure":0.0,"image":"frame_00000026.jpg","intrinsics":[532.0684814453125,532.0684814453125,362.7619934082031,268.42083740234375,0.0],"location":{"altitude":91.74162292480469,"altitudeAccuracy":10.187708854675293,"heading":148.30642700195313,"headingAccuracy":14.16444206237793,"headingTimestamp":1697660730.0,"latitude":47.613853454589844,"longitude":-122.19721984863281,"positionAccuracy":14.16444206237793,"positionSource":"corelocation","positionTimestamp":1697660730.0},"pose":[0.26958873867988586,0.21787995100021362,-1.064070224761963,-0.13761229813098907,0.010068677365779877,-0.6835075616836548,0.7167837619781494],"pose4x4":[0.06543207168579102,-0.9826253652572632,0.17368395626544952,0.0,0.9770830869674683,0.027760565280914307,-0.21104055643081665,0.0,0.2025522142648697,0.18351247906684875,0.9619229435920715,0.0,0.26958873867988586,0.21787995100021362,-1.064070224761963,1.0],"resolution":[720,540],"sequence":26,"timestamp":1697660732.784,"tracking":2,"trackingReason":0},{"exposure":0.0,"image":"frame_00000027.jpg","intrinsics":[532.044189453125,532.044189453125,362.7900695800781,268.410888671875,0.0],"location":{"altitude":91.74162292480469,"altitudeAccuracy":10.187708854675293,"heading":148.30642700195313,"headingAccuracy":14.16444206237793,"headingTimestamp":1697660730.0,"latitude":47.613853454589844,"longitude":-122.19721984863281,"positionAccuracy":14.16444206237793,"positionSource":"corelocation","positionTimestamp":1697660730.0},"pose":[0.23426339030265808,0.21938009560108185,-1.0605895519256592,-0.1349392831325531,0.01676368899643421,-0.6869487762451172,0.7138708233833313],"pose4x4":[0.05564069747924805,-0.9853095412254333,0.16145853698253632,0.0,0.9762611985206604,0.019785523414611816,-0.2156900316476822,0.0,0.20932696759700775,0.169626846909523,0.9630207419395447,0.0,0.23426339030265808,0.21938009560108185,-1.0605895519256592,1.0],"resolution":[720,540],"sequence":27,"timestamp":1697660732.85,"tracking":2,"trackingReason":0},{"exposure":0.0,"image":"frame_00000028.jpg","intrinsics":[532.0958251953125,532.0958251953125,362.790283203125,268.3828430175781,0.0],"location":{"altitude":91.74162292480469,"altitudeAccuracy":10.187708854675293,"heading":148.30642700195313,"headingAccuracy":14.16444206237793,"headingTimestamp":1697660730.0,"latitude":47.613853454589844,"longitude":-122.19721984863281,"positionAccuracy":14.16444206237793,"positionSource":"corelocation","positionTimestamp":1697660730.0},"pose":[0.19712907075881958,0.22051487863063812,-1.0590494871139526,-0.13328756392002106,0.01545410230755806,-0.6885372996330261,0.712679386138916],"pose4x4":[0.05135512351989746,-0.9855324029922485,0.16151927411556244,0.0,0.9772930145263672,0.016301631927490234,-0.21126404404640198,0.0,0.20557455718517303,0.1687011420726776,0.9639911651611328,0.0,0.19712907075881958,0.22051487863063812,-1.0590494871139526,1.0],"resolution":[720,540],"sequence":28,"timestamp":1697660732.917,"tracking":2,"trackingReason":0},{"exposure":0.0,"image":"frame_00000029.jpg","intrinsics":[532.0842895507813,532.0842895507813,362.79010009765625,268.3781433105469,0.0],"location":{"altitude":91.74162292480469,"altitudeAccuracy":10.187708854675293,"heading":148.30642700195313,"headingAccuracy":14.16444206237793,"headingTimestamp":1697660730.0,"latitude":47.613853454589844,"longitude":-122.19721984863281,"positionAccuracy":14.16444206237793,"positionSource":"corelocation","positionTimestamp":1697660730.0},"pose":[0.15893228352069855,0.21870772540569305,-1.0577625036239624,-0.1385827511548996,0.013195989653468132,-0.6870309114456177,0.7131683826446533],"pose4x4":[0.05562877655029297,-0.9835948944091797,0.171599343419075,0.0,0.9762799739837646,0.017566680908203125,-0.2157977819442749,0.0,0.20924319326877594,0.17953357100486755,0.9612413644790649,0.0,0.15893228352069855,0.21870772540569305,-1.0577625036239624,1.0],"resolution":[720,540],"sequence":29,"timestamp":1697660732.984,"tracking":2,"trackingReason":0},{"exposure":0.0,"image":"frame_00000030.jpg","intrinsics":[532.0943603515625,532.0943603515625,362.8115234375,268.41094970703125,0.0],"location":{"altitude":91.74162292480469,"altitudeAccuracy":10.187708854675293,"heading":148.30642700195313,"headingAccuracy":14.16444206237793,"headingTimestamp":1697660730.0,"latitude":47.613853454589844,"longitude":-122.19721984863281,"positionAccuracy":14.16444206237793,"positionSource":"corelocation","positionTimestamp":1697660730.0},"pose":[0.12410925328731537,0.21876606345176697,-1.0530894994735718,-0.14112968742847443,0.014969516545534134,-0.6839539408683777,0.7155874371528625],"pose4x4":[0.06396585702896118,-0.9830830097198486,0.1716284155845642,0.0,0.9746323823928833,0.024578869342803955,-0.22245818376541138,0.0,0.21447640657424927,0.18150433897972107,0.9597166776657104,0.0,0.12410925328731537,0.21876606345176697,-1.0530894994735718,1.0],"resolution":[720,540],"sequence":30,"timestamp":1697660733.05,"tracking":2,"trackingReason":0},{"exposure":0.0,"image":"frame_00000031.jpg","intrinsics":[532.0556030273438,532.0556030273438,362.8081359863281,268.40692138671875,0.0],"location":{"altitude":91.74162292480469,"altitudeAccuracy":10.187708854675293,"heading":148.30642700195313,"headingAccuracy":14.16444206237793,"headingTimestamp":1697660730.0,"latitude":47.613853454589844,"longitude":-122.19721984863281,"positionAccuracy":14.16444206237793,"positionSource":"corelocation","positionTimestamp":1697660730.0},"pose":[0.09158463776111603,0.22098591923713684,-1.0459134578704834,-0.14090968668460846,0.015130795538425446,-0.6807981133460999,0.7186305522918701],"pose4x4":[0.07256996631622314,-0.982748806476593,0.17011518776416779,0.0,0.9742204546928406,0.03331679105758667,-0.22312603890895844,0.0,0.2136089950799942,0.18192197382450104,0.9598310589790344,0.0,0.09158463776111603,0.22098591923713684,-1.0459134578704834,1.0],"resolution":[720,540],"sequence":31,"timestamp":1697660733.117,"tracking":2,"trackingReason":0},{"exposure":0.0,"image":"frame_00000032.jpg","intrinsics":[532.052734375,532.052734375,362.8106994628906,268.44866943359375,0.0],"location":{"altitude":91.74162292480469,"altitudeAccuracy":10.187708854675293,"heading":148.30642700195313,"headingAccuracy":14.16444206237793,"headingTimestamp":1697660730.0,"latitude":47.613853454589844,"longitude":-122.19721984863281,"positionAccuracy":14.16444206237793,"positionSource":"corelocation","positionTimestamp":1697660730.0},"pose":[0.06116759404540062,0.22202806174755096,-1.0389469861984253,-0.13791993260383606,0.018266281113028526,-0.6797637939453125,0.7201149463653564],"pose4x4":[0.07517504692077637,-0.984054684638977,0.16119831800460815,0.0,0.9739775657653809,0.03779858350753784,-0.22346992790699005,0.0,0.21381360292434692,0.17380289733409882,0.9612888693809509,0.0,0.06116759404540062,0.22202806174755096,-1.0389469861984253,1.0],"resolution":[720,540],"sequence":32,"timestamp":1697660733.184,"tracking":2,"trackingReason":0},{"exposure":0.0,"image":"frame_00000033.jpg","intrinsics":[532.087158203125,532.087158203125,362.82098388671875,268.457763671875,0.0],"location":{"altitude":91.74162292480469,"altitudeAccuracy":10.187708854675293,"heading":148.30642700195313,"headingAccuracy":14.16444206237793,"headingTimestamp":1697660730.0,"latitude":47.613853454589844,"longitude":-122.19721984863281,"positionAccuracy":14.16444206237793,"positionSource":"corelocation","positionTimestamp":1697660730.0},"pose":[0.02927807718515396,0.22136321663856506,-1.0271910429000854,-0.13338921964168549,0.015972908586263657,-0.677983820438385,0.7226964235305786],"pose4x4":[0.08016562461853027,-0.9842142462730408,0.1577843427658081,0.0,0.9756917357444763,0.045090556144714355,-0.21445856988430023,0.0,0.20395860075950623,0.17114107310771942,0.9639043807983398,0.0,0.02927807718515396,0.22136321663856506,-1.0271910429000854,1.0],"resolution":[720,540],"sequence":33,"timestamp":1697660733.25,"tracking":2,"trackingReason":0},{"exposure":0.0,"image":"frame_00000034.jpg","intrinsics":[532.041259765625,532.041259765625,362.791748046875,268.4822082519531,0.0],"location":{"altitude":91.74162292480469,"altitudeAccuracy":10.187708854675293,"heading":148.30642700195313,"headingAccuracy":14.16444206237793,"headingTimestamp":1697660730.0,"latitude":47.613853454589844,"longitude":-122.19721984863281,"positionAccuracy":14.16444206237793,"positionSource":"corelocation","positionTimestamp":1697660730.0},"pose":[-0.003925960976630449,0.2207917422056198,-1.0130044221878052,-0.12663675844669342,0.01313340850174427,-0.677114725112915,0.7247799634933472],"pose4x4":[0.08268630504608154,-0.9848447442054749,0.1524575650691986,0.0,0.9781920313835144,0.050957560539245605,-0.20135322213172913,0.0,0.1905328929424286,0.1657819151878357,0.9675812721252441,0.0,-0.003925960976630449,0.2207917422056198,-1.0130044221878052,1.0],"resolution":[720,540],"sequence":34,"timestamp":1697660733.317,"tracking":2,"trackingReason":0},{"exposure":0.0,"image":"frame_00000035.jpg","intrinsics":[532.0742797851563,532.0742797851563,362.793212890625,268.5111083984375,0.0],"location":{"altitude":91.74162292480469,"altitudeAccuracy":10.187708854675293,"heading":148.30642700195313,"headingAccuracy":14.16444206237793,"headingTimestamp":1697660730.0,"latitude":47.613853454589844,"longitude":-122.19721984863281,"positionAccuracy":14.16444206237793,"positionSource":"corelocation","positionTimestamp":1697660730.0},"pose":[-0.038811251521110535,0.21715126931667328,-0.9990991353988647,-0.12132488191127777,0.010090776719152927,-0.6772677302360535,0.7255938053131104],"pose4x4":[0.0824131965637207,-0.985291063785553,0.1496952474117279,0.0,0.9803940653800964,0.05317741632461548,-0.18973347544670105,0.0,0.1789824664592743,0.1623968482017517,0.9703568816184998,0.0,-0.038811251521110535,0.21715126931667328,-0.9990991353988647,1.0],"resolution":[720,540],"sequence":35,"timestamp":1697660733.384,"tracking":2,"trackingReason":0},{"exposure":0.0,"image":"frame_00000036.jpg","intrinsics":[532.0684814453125,532.0684814453125,362.7708740234375,268.5068359375,0.0],"location":{"altitude":91.74162292480469,"altitudeAccuracy":10.187708854675293,"heading":148.30642700195313,"headingAccuracy":14.16444206237793,"headingTimestamp":1697660730.0,"latitude":47.613853454589844,"longitude":-122.19721984863281,"positionAccuracy":14.16444206237793,"positionSource":"corelocation","positionTimestamp":1697660730.0},"pose":[-0.07677441090345383,0.21386446058750153,-0.9831353425979614,-0.11428087949752808,-6.243743700906634e-05,-0.6781366467475891,0.7259960770606995],"pose4x4":[0.08026134967803955,-0.9846348166465759,0.15508677065372467,0.0,0.9846633076667786,0.054141104221343994,-0.16585025191307068,0.0,0.15490545332431793,0.16601961851119995,0.9738797545433044,0.0,-0.07677441090345383,0.21386446058750153,-0.9831353425979614,1.0],"resolution":[720,540],"sequence":36,"timestamp":1697660733.451,"tracking":2,"trackingReason":0},{"exposure":0.0,"image":"frame_00000037.jpg","intrinsics":[532.0628662109375,532.0628662109375,362.76568603515625,268.50811767578125,0.0],"location":{"altitude":91.74162292480469,"altitudeAccuracy":10.187708854675293,"heading":148.30642700195313,"headingAccuracy":14.16444206237793,"headingTimestamp":1697660730.0,"latitude":47.613853454589844,"longitude":-122.19721984863281,"positionAccuracy":14.16444206237793,"positionSource":"corelocation","positionTimestamp":1697660730.0},"pose":[-0.11525227874517441,0.2112957090139389,-0.9628934264183044,-0.11099103838205338,-0.008975174278020859,-0.6800048351287842,0.7247028350830078],"pose4x4":[0.07502573728561401,-0.9836105108261108,0.16395755112171173,0.0,0.9875952005386353,0.05054885149002075,-0.1486647129058838,0.0,0.1379402130842209,0.17307737469673157,0.975200891494751,0.0,-0.11525227874517441,0.2112957090139389,-0.9628934264183044,1.0],"resolution":[720,540],"sequence":37,"timestamp":1697660733.517,"tracking":2,"trackingReason":0},{"exposure":0.0,"image":"frame_00000038.jpg","intrinsics":[532.0914306640625,532.0914306640625,362.743408203125,268.482666015625,0.0],"location":{"altitude":91.74162292480469,"altitudeAccuracy":10.187708854675293,"heading":148.30642700195313,"headingAccuracy":14.16444206237793,"headingTimestamp":1697660730.0,"latitude":47.613853454589844,"longitude":-122.19721984863281,"positionAccuracy":14.16444206237793,"positionSource":"corelocation","positionTimestamp":1697660730.0},"pose":[-0.1551656872034073,0.21101410686969757,-0.9421625733375549,-0.10758280009031296,-0.014449839480221272,-0.6827517747879028,0.7225421667098999],"pose4x4":[0.06728243827819824,-0.9835247993469238,0.16778592765331268,0.0,0.9897429943084717,0.04455190896987915,-0.1357349008321762,0.0,0.12602345645427704,0.1751975268125534,0.9764342904090881,0.0,-0.1551656872034073,0.21101410686969757,-0.9421625733375549,1.0],"resolution":[720,540],"sequence":38,"timestamp":1697660733.584,"tracking":2,"trackingReason":0},{"exposure":0.0,"image":"frame_00000039.jpg","intrinsics":[532.123046875,532.123046875,362.73779296875,268.4959411621094,0.0],"location":{"altitude":91.74162292480469,"altitudeAccuracy":10.187708854675293,"heading":148.30642700195313,"headingAccuracy":14.16444206237793,"headingTimestamp":1697660730.0,"latitude":47.613853454589844,"longitude":-122.19721984863281,"positionAccuracy":14.16444206237793,"positionSource":"corelocation","positionTimestamp":1697660730.0},"pose":[-0.19486470520496368,0.21223896741867065,-0.9198067784309387,-0.10838224738836288,-0.024085065349936485,-0.683919370174408,0.7210601568222046],"pose4x4":[0.06334841251373291,-0.981073260307312,0.18298299610614777,0.0,0.9915148019790649,0.04101520776748657,-0.12335576117038727,0.0,0.11351586878299713,0.18924473226070404,0.9753463864326477,0.0,-0.19486470520496368,0.21223896741867065,-0.9198067784309387,1.0],"resolution":[720,540],"sequence":39,"timestamp":1697660733.651,"tracking":2,"trackingReason":0},{"exposure":0.0,"image":"frame_00000040.jpg","intrinsics":[532.0384521484375,532.0384521484375,362.7626953125,268.49273681640625,0.0],"location":{"altitude":91.74162292480469,"altitudeAccuracy":10.187708854675293,"heading":148.30642700195313,"headingA